image: final.png
resolution: 0.008000
origin: [-0.224998, -0.224998, 0.000000]
negate: 0
occupied_thresh: 0.65
free_thresh: 0.196